A   B     C    d1 d2 d3  d4   d5   d6   d7   d8   d9   d10  d11  d12  d13  d14  d15
 6   1     1    1 0 3.63 4.15 4.06 5.13 3.04 4.48 4.75 4.04 4.14 4.00 4.37 4.02 4.58
 6   1     2    1 1 6.37 6.85 7.19 7.99 4.71 6.08 7.31 6.08 6.98 5.87 6.75 6.10 7.23
 6   1     3    2 0 4.07 4.21 4.15 4.64 4.03 3.74 4.56 4.27 4.03 4.50 3.97 4.19 4.05
 6   1     4    2 1 6.24 7.29 7.41 7.80 6.34 6.63 7.88 6.35 6.91 6.50 6.09 6.43 6.57
 6   1    77    19 0 4.41 3.54 3.01 2.85 3.36 3.85 4.15 3.93 3.91 4.33 4.21 4.19
 6   1    78    19 1 6.78 5.58 5.68 4.96 6.14 6.15 6.85 6.57 6.09 6.04 6.98 6.93
 6   1    79    20 0 4.28 3.24 3.29 3.48 3.49 3.68 3.36 3.71 3.54 3.59 3.76 3.36
 6   1    80    20 1 6.97 5.95 5.58 5.52 5.82 6.76 6.08 6.35 6.21 4.66 6.36 6.33

